subject_ID,total,bonus
74,160,1
